%YAML:1.0
---
camera_matrix: !!opencv-matrix
   rows: 3
   cols: 3
   dt: d
   data: [ 1.3795338736276146e+03, 0., 7.0833379501653724e+02, 0.,
       1.3647405233570360e+03, 5.6986374551604490e+02, 0., 0., 1. ]
distortion_coefficients: !!opencv-matrix
   rows: 1
   cols: 5
   dt: d
   data: [ -3.7845610522638856e-01, 5.1254982742238586e-01,
       -4.2449791421483748e-04, -3.7972503868707193e-03,
       -1.0960717320007189e+00 ]
