%YAML:1.0
---
H: !!opencv-matrix
   rows: 3
   cols: 3
   dt: d
   data: [ 1.0447904967835062e+00, -2.3709315358173381e-02,
       -3.4090043932493649e+02, -4.1548008218238681e-02,
       1.0715923786287347e+00, -3.9757289064032437e+02,
       -1.8016578920893066e-04, -5.0064876640167183e-05, 1. ]
tableWx: 800.
tableHy: 800.
